0.000000135716415
0.000000117245216
0.000000135084406
0.000000162558062
0.000000159507434
0.000000167117746
0.000000191795073
0.000000172960054
0.000000221630159
0.000000200580944
0.000000228974360
0.000000269384560
0.000000264988863
0.000000314632592
0.000000309922512
0.000000314435512
0.000000386068929
0.000000345837484
0.000000444863072
0.000000533898736
0.000000498859631
0.000000481251302
0.000000556830481
0.000000618160995
0.000000556259054
0.000000633352943
0.000000698542034
0.000000719350110
0.000000859608214
0.000000880228742
0.000000947968273
0.000000990430106
0.000001142849804
0.000001202565657
0.000001504893893
0.000001331334478
0.000001333571960
0.000001710790226
0.000001857548057
0.000001836990248
0.000001895768952
0.000002001853239
0.000002363675847
0.000002379337457
0.000002586620605
0.000002782090635
0.000002608528492
0.000003219391982
0.000004147858909
0.000004606376575
