5.9030889e-08
1.5358005e-07
1.5618979e-07
1.6165239e-07
1.6929453e-07
1.7140084e-07
1.8124729e-07
1.8620665e-07
1.9311515e-07
1.9910967e-07
2.0519201e-07
2.2335352e-07
2.3941821e-07
2.6508151e-07
2.9082346e-07
2.9760487e-07
3.1195570e-07
3.2846050e-07
3.3837239e-07
3.5680617e-07
3.7513055e-07
3.8421752e-07
3.9229579e-07
3.9808776e-07
4.2068663e-07
4.3425072e-07
4.4641065e-07
4.5460507e-07
4.5964409e-07
4.6348205e-07
4.7503890e-07
4.8926842e-07
4.9700884e-07
5.0715744e-07
5.1282826e-07
5.3841328e-07
5.4741937e-07
5.5674565e-07
5.5981793e-07
5.6929402e-07
5.8064561e-07
5.6977519e-07
5.8894308e-07
6.1139129e-07
6.1646918e-07
6.1947048e-07
6.2792348e-07
6.4219389e-07
6.3330724e-07
6.4984919e-07
6.6104047e-07
6.7679006e-07
6.8936226e-07
6.9226501e-07
7.0104338e-07
6.8861066e-07
7.0779656e-07
7.1652674e-07
7.0982597e-07
7.3154458e-07
7.3232551e-07
7.4414533e-07
7.5452411e-07
7.4976975e-07
7.6085709e-07
7.5889962e-07
7.6438336e-07
7.8584448e-07
7.8095394e-07
8.0619676e-07
7.9049841e-07
7.9862424e-07
7.9395717e-07
8.1082460e-07
8.1562305e-07
8.2291464e-07
8.2325240e-07
8.3980219e-07
8.4332063e-07
8.4348349e-07
8.6164068e-07
8.5408700e-07
8.8207006e-07
8.7358887e-07
8.6885023e-07
8.8843057e-07
8.8034198e-07
8.9400137e-07
9.0586475e-07
9.0637542e-07
8.9762652e-07
9.0468826e-07
9.1950670e-07
9.2239358e-07
9.3858755e-07
9.3704758e-07
9.4955968e-07
9.4468333e-07
9.5910253e-07
9.5965073e-07
9.6858631e-07
9.7641375e-07
9.8104244e-07
9.8080413e-07
9.8957508e-07
9.9938323e-07
1.0059627e-06
1.0111233e-06
1.0024984e-06
1.0006475e-06
9.8021849e-07
1.0008062e-06
9.9607857e-07
1.0170212e-06
1.0230208e-06
1.0084131e-06
1.0195175e-06
1.0269056e-06
1.0446071e-06
1.0569700e-06
1.0484894e-06
1.0488577e-06
1.0725187e-06
1.0631683e-06
1.0721988e-06
1.0820568e-06
1.0875705e-06
1.1052019e-06
1.1098822e-06
1.1131311e-06
1.0998415e-06
1.1077025e-06
1.1145317e-06
1.1200155e-06
1.1391925e-06
1.1309616e-06
1.1433609e-06
1.1179418e-06
1.1586256e-06
1.1236199e-06
1.1498331e-06
1.1566818e-06
1.1678735e-06
1.1351340e-06
1.1462841e-06
1.1662986e-06
1.1636375e-06
1.1575808e-06
1.1731728e-06
1.1601165e-06
1.1740546e-06
1.1752269e-06
