5.96046483281045e-08
1.19209303761638e-07
1.78813966300601e-07
2.38418635944995e-07
2.98023312694822e-07
3.57627996550082e-07
4.17232687510777e-07
4.76837385576909e-07
5.36442090748478e-07
5.96046803025486e-07
6.55651522407934e-07
7.15256248895823e-07
7.74860982489155e-07
8.34465723187931e-07
8.94070470992152e-07
9.53675225901819e-07
1.01327998791693e-06
1.13248953326351e-06
1.19209431659498e-06
1.31130390457427e-06
1.3709087092221e-06
1.49011833983412e-06
1.60932799886799e-06
1.66893283904311e-06
1.84774740220126e-06
1.9669571465007e-06
2.08616691922201e-06
2.26498163159502e-06
2.38419147537106e-06
2.56300629432623e-06
2.74182117723072e-06
2.9802411205802e-06
3.15905615269995e-06
3.39747629500322e-06
3.63589655099449e-06
3.93392203085745e-06
4.23194768835818e-06
4.52997352349685e-06
4.82799953627362e-06
5.18563098608826e-06
5.54326269170227e-06
5.96050000488761e-06
