5.41564668816851e-08
8.50029836421885e-08
1.17449247530672e-07
8.96882394056982e-08
9.30139512030423e-08
1.23202070809695e-07
1.54776692205267e-07
1.37386975831202e-07
1.49817490937273e-07
1.23160663414695e-07
1.70867994318498e-07
1.48904596975396e-07
1.39961975342819e-07
1.6935897281595e-07
1.77107565891119e-07
1.89204175699726e-07
1.69030740742098e-07
1.53812422030553e-07
1.77029828194298e-07
1.98560802974529e-07
1.99338723331009e-07
2.26668346734361e-07
2.26060948975466e-07
2.2362432658659e-07
2.19474991114266e-07
2.61249189042083e-07
2.40397097005136e-07
2.91802639893161e-07
1.95584549930098e-07
3.38319457243569e-07
2.97043863283879e-07
2.90509760056457e-07
3.71457929926234e-07
2.35318059741147e-07
2.79620802336315e-07
3.62578490115265e-07
3.16088653842264e-07
4.53817728242695e-07
3.7336286977208e-07
3.33306398895887e-07
4.62804387954306e-07
4.02797392464586e-07
