2.3029241155677e-08
2.75722510437424e-08
2.96202227918565e-08
3.24868905237413e-08
3.61101969351171e-08
3.43741813602712e-08
4.03319820433689e-08
3.68838712938023e-08
4.15308514754602e-08
4.29637731705005e-08
4.38206317859075e-08
4.63811133582517e-08
4.73269458590043e-08
5.12544191132421e-08
4.89030670450257e-08
4.76908234485342e-08
5.33652350659154e-08
4.65845689231643e-08
5.22046263517579e-08
5.87129338185903e-08
6.0872662591672e-08
5.89603145003803e-08
6.30868354403672e-08
5.95917038114193e-08
7.69563578161662e-08
7.0252564842028e-08
7.47854321195752e-08
7.51894467873377e-08
7.40672589823016e-08
8.19402038769733e-08
7.9266325563309e-08
8.09993343754016e-08
8.30039905521026e-08
8.94486737044129e-08
9.21538605713374e-08
9.24802537588719e-08
9.67415004855244e-08
9.9131630353934e-08
1.14779915822523e-07
1.18969422850731e-07
1.22917523497453e-07
1.16941930283663e-07
