5.9119174e-08
1.5279991e-07
1.5805687e-07
1.6516654e-07
1.7002600e-07
1.7218142e-07
1.7871832e-07
1.8300712e-07
1.9215250e-07
1.9510396e-07
2.0607779e-07
2.1740853e-07
2.1525895e-07
2.2469322e-07
2.3237169e-07
2.3796591e-07
2.4050078e-07
2.5851689e-07
2.6413675e-07
2.7361555e-07
2.7074438e-07
2.9139797e-07
2.9590736e-07
3.0502375e-07
3.1982866e-07
3.3018572e-07
3.3754289e-07
3.4433257e-07
3.5946178e-07
3.6904170e-07
3.8328175e-07
4.0539969e-07
4.1283855e-07
4.1835454e-07
4.4722209e-07
4.5087423e-07
4.6399149e-07
4.8305692e-07
4.9592013e-07
5.1252628e-07
5.1987916e-07
5.5167079e-07
