5.96046501044611e-08
8.42937075695716e-08
1.03238289028695e-07
1.19209310867063e-07
1.33280064096297e-07
1.4600099795814e-07
1.57699104441633e-07
1.6858743667747e-07
1.78813982287807e-07
1.88486489971496e-07
1.97686301106614e-07
2.06476610253858e-07
2.14907672324571e-07
2.23020234058069e-07
2.30847876592222e-07
2.38418664366691e-07
2.45756336836322e-07
2.59810724489995e-07
2.665601814833e-07
2.79570682382158e-07
2.85853956949467e-07
2.98023357103716e-07
3.097149632314e-07
3.15398283268209e-07
3.31864782321389e-07
3.42402791897456e-07
3.5262602038344e-07
3.67427909431228e-07
3.76973086302357e-07
3.90854022924714e-07
4.04258614583597e-07
4.21468751454768e-07
4.33928646348392e-07
4.50005503305206e-07
4.65527482562678e-07
4.84230775033012e-07
5.02238042487946e-07
5.19621651262625e-07
5.36442234633228e-07
5.5595557868493e-07
5.7480687365441e-07
5.96046980660958e-07
