2.40196559795941e-08
2.46086431636187e-08
2.16576341461976e-08
2.3512264761928e-08
2.17211715549993e-08
2.19191128610533e-08
1.96611117288258e-08
2.01712232145816e-08
2.31017334444883e-08
1.96738851979948e-08
2.1505166160294e-08
2.32023114678671e-08
2.01144663712573e-08
2.49394405708766e-08
1.88060469106309e-08
1.97757002213457e-08
2.00337866423521e-08
1.8422742787844e-08
2.06272436410585e-08
1.71935989550298e-08
1.7534402016067e-08
1.8371911755491e-08
2.05322112210339e-08
1.69451083440096e-08
1.79844242422897e-08
1.96369929301228e-08
2.00691298828111e-08
1.83593103961904e-08
1.45766954187386e-08
2.12082641100875e-08
1.63539460843769e-08
1.95442603823194e-08
1.73327598116833e-08
1.70081692209355e-08
1.66127152974503e-08
1.75914773408577e-08
1.55971738992835e-08
1.74467090784529e-08
1.96781426108285e-08
1.53291800789155e-08
1.69118562438866e-08
1.58548520918519e-08
