5.36421567893074e-08
8.56007183659647e-08
7.85505704436499e-08
7.97121454327805e-08
8.43320265451736e-08
7.62624076611028e-08
8.91416407792283e-08
9.6248151962083e-08
1.2908228441069e-07
1.07420778348129e-07
1.32746176302655e-07
1.39545332924686e-07
1.08353874726783e-07
8.63222950880401e-08
8.54203886396057e-08
9.23535308668528e-08
1.25013958951398e-07
7.52858373246926e-08
1.12549983861135e-07
8.07954937740131e-08
9.19739922869987e-08
6.7319908227604e-08
9.04130369757098e-08
6.48384215508183e-08
1.05364979605276e-07
1.31376750872454e-07
1.06817942512749e-07
8.3370644173378e-08
5.52529472718332e-08
1.39799332595322e-07
7.11170503095068e-08
8.71255098163461e-08
9.79989745421671e-08
7.99198836809661e-08
7.58077879234198e-08
8.7473468060774e-08
9.69911347618414e-08
7.19039350764348e-08
9.51875869154836e-08
6.21622491490117e-08
7.01649011674269e-08
8.95299458167901e-08
