2.23194160260595e-08
2.36195342664428e-08
3.03709820093484e-08
2.22399726140371e-08
2.70955925642968e-08
3.58832698479349e-08
4.65459818198936e-08
5.01207205856646e-08
5.64381581974274e-08
6.36574223830236e-08
8.28523727313898e-08
7.12641200508981e-08
8.478177104416e-08
1.03337462955867e-07
9.33572606304342e-08
1.04182297051468e-07
1.15031173019927e-07
1.12634394463561e-07
1.22414878990087e-07
1.39392919989764e-07
1.46866568570573e-07
1.6343648909681e-07
1.54220259032922e-07
1.68308787093559e-07
1.93552595618652e-07
2.14866987350421e-07
2.46532304493768e-07
2.52095752435013e-07
2.75063550229874e-07
2.65289721827216e-07
3.08077044981394e-07
2.87783400644446e-07
3.39764839739634e-07
3.72749916819708e-07
3.85833278977446e-07
3.92755056672833e-07
4.32050326715212e-07
4.9631115045658e-07
4.9647344429611e-07
5.94284893223278e-07
5.81365603350915e-07
6.08969982446959e-07
