5.29806711920345e-08
5.12801931418398e-08
8.15924957376393e-08
5.74743945718506e-08
8.46371562752347e-08
1.10482927118928e-07
1.38766989381003e-07
1.69126535356889e-07
1.56821311501512e-07
1.87327331933653e-07
2.13258953983977e-07
1.96685909309932e-07
2.19437816355786e-07
2.48522761199425e-07
2.70537956034156e-07
2.3944082304038e-07
2.93772487161585e-07
3.15535917634086e-07
3.19688063512848e-07
3.54741260166795e-07
3.77369287868569e-07
3.66586808815663e-07
4.20672451618517e-07
4.02996505092085e-07
4.92013370451244e-07
4.57856442673051e-07
5.53544939907952e-07
5.59605944963453e-07
5.97625666747362e-07
6.81775034426924e-07
7.00397196157468e-07
7.36516467114989e-07
7.76493347077153e-07
8.25778101003015e-07
9.05029643957213e-07
9.97305258270069e-07
1.09911734799734e-06
1.11392199235421e-06
1.22390433668816e-06
1.28838054706974e-06
1.36817867674462e-06
1.5036312209123e-06
