5.96046483281045e-08
1.19209303761638e-07
1.78813966300601e-07
2.38418635944995e-07
2.98023312694822e-07
3.57627996550082e-07
4.17232687510777e-07
4.76837385576909e-07
5.36442090748478e-07
5.96046803025486e-07
6.55651522407934e-07
8.34465723187931e-07
1.01327998791693e-06
1.2516991070319e-06
1.43051352097538e-06
1.60932799886799e-06
1.84774740220126e-06
2.02656202930862e-06
2.20537672036521e-06
2.4437964079173e-06
2.62261124818891e-06
2.80142615240986e-06
3.03984612418129e-06
3.21866117761753e-06
3.39747629500322e-06
3.63589655099449e-06
3.81471181759574e-06
3.99352714814657e-06
4.23194768835818e-06
4.41076316812482e-06
4.58957871184115e-06
4.82799953627362e-06
5.00681522920604e-06
5.18563098608826e-06
5.4240520947421e-06
5.60286800084067e-06
5.78168397088916e-06
6.02010536376487e-06
6.19892148302998e-06
6.37773766624512e-06
6.6161593433432e-06
6.79497567577523e-06
6.97379207215741e-06
7.21221403347838e-06
7.39103057907771e-06
7.5698471886273e-06
7.80826943417167e-06
7.98708619293868e-06
8.16590301565606e-06
8.40432554542434e-06
8.58314251735941e-06
8.82156524608472e-06
9.00038236723765e-06
9.17919955234117e-06
9.41762256529125e-06
9.59643989961289e-06
9.77525729788523e-06
1.00136805950606e-05
1.01924981425513e-05
1.03713157539929e-05
1.0609739335394e-05
1.07885570960542e-05
1.09673749206653e-05
1.12057987862928e-05
1.13846167601228e-05
1.15634347979039e-05
1.18018589477582e-05
1.19806771347585e-05
