2.15994151086056e-08
3.07382386438053e-08
3.3146185862685e-08
3.81387408875435e-08
3.20284640775349e-08
3.60636253932878e-08
3.27785735455891e-08
4.36619089432412e-08
4.41454533081347e-08
3.96962181363766e-08
4.24648372768029e-08
4.20767544623737e-08
4.94641439149946e-08
6.04722946249734e-08
4.85064818236601e-08
5.14055765460008e-08
7.46513741977446e-08
7.74240025549764e-08
7.08852688411542e-08
8.01150488901907e-08
8.95821879451615e-08
8.59720261632853e-08
8.61309870666736e-08
8.20183387004042e-08
9.11925294743501e-08
8.2827406017413e-08
9.16137502519542e-08
1.07799644925136e-07
9.99511375819873e-08
1.11268630426476e-07
1.0517435151601e-07
1.09576049854962e-07
1.05844923685411e-07
1.14497632643585e-07
1.07393621646554e-07
1.06394476999643e-07
1.31808761696505e-07
1.10133794216429e-07
1.24764159643074e-07
1.20812427379073e-07
1.27810450326925e-07
1.21997484779747e-07
1.14262028515342e-07
1.20513873834421e-07
1.16931517515174e-07
1.33493920755668e-07
1.53774400629444e-07
1.26173168845372e-07
1.53590327654492e-07
1.46915543638383e-07
1.423780533519e-07
1.53211161805953e-07
1.47495087008976e-07
1.50403955353902e-07
1.4229658633617e-07
1.23341998838025e-07
1.55035487111015e-07
1.53841842991786e-07
1.38263894806189e-07
1.88576804906724e-07
1.63295069603625e-07
1.58990797148129e-07
1.52179711400342e-07
1.8124068309774e-07
1.45771090313544e-07
1.73917898520601e-07
1.46427013906531e-07
1.40244198211729e-07
1.7726238358838e-07
1.69177793950218e-07
1.60987093542687e-07
1.73609219767715e-07
1.52358310915117e-07
1.78295287472826e-07
1.7067436725484e-07
1.95798408500943e-07
1.84744838338751e-07
1.65714640189281e-07
1.75605760738823e-07
1.46432322543957e-07
1.61000799508867e-07
1.86690338812184e-07
1.60321265516218e-07
1.84079359883556e-07
1.82734285747734e-07
1.73293117347465e-07
1.8735245900202e-07
1.79570391583342e-07
1.86914584382687e-07
1.83592391380119e-07
2.03099988339359e-07
1.93642797032815e-07
2.10218501702894e-07
2.13776536813477e-07
2.0181968573461e-07
1.96147464520391e-07
2.07631064362903e-07
2.15781576335109e-07
2.17641303718026e-07
2.40388375163299e-07
2.24810803830772e-07
2.55497388908296e-07
2.11484487938568e-07
2.29456554843374e-07
2.34079162750129e-07
2.14778940733882e-07
1.89474275595459e-07
2.11812375601644e-07
2.16490513664435e-07
2.35756482293923e-07
2.32105042585866e-07
2.140806440908e-07
2.45839274375202e-07
2.28649135091232e-07
2.18388174052877e-07
2.67812952692671e-07
2.56104509396172e-07
2.3220229920922e-07
2.48414979784671e-07
2.22071512382921e-07
1.89133461900158e-07
1.95685107473079e-07
2.20048004113454e-07
2.00079183804351e-07
2.50104385719207e-07
2.27263451120474e-07
2.79872657345486e-07
2.2516585637494e-07
2.49142462935021e-07
2.48941397362075e-07
2.66403715704868e-07
2.41298906582267e-07
2.20102366579675e-07
2.33937553192672e-07
2.21188602804886e-07
2.11632242648771e-07
2.40289440635922e-07
2.46471946282581e-07
2.34235737484075e-07
2.24980547512197e-07
2.60051069058861e-07
2.19036374062757e-07
2.49846860660039e-07
2.22935555812362e-07
2.21714036471411e-07
2.36156903416179e-07
2.47788885446597e-07
2.11103195575324e-07
2.49734053012202e-07
2.32524945786796e-07
2.2573986871844e-07
2.29671603534354e-07
