5.75217828282005e-08
9.7587534067685e-08
1.30865708224584e-07
1.25900105277849e-07
1.37569172519475e-07
1.6169195213216e-07
1.61378430959212e-07
1.62142180572603e-07
1.97449515508443e-07
2.06624536982539e-07
1.72860057469465e-07
1.93191153775098e-07
2.34808577205954e-07
2.24223323681442e-07
2.38226466706284e-07
2.39348326299027e-07
2.45814237123942e-07
2.80412907912687e-07
3.05653487824159e-07
3.6199511769672e-07
3.24399850915614e-07
3.69094227656466e-07
3.3145696154875e-07
3.53302165629777e-07
4.41988508005704e-07
4.17363005348955e-07
4.01786812022664e-07
4.4286083576277e-07
4.08513189754377e-07
4.6376501658306e-07
3.87085660071905e-07
5.13243610128961e-07
5.5006125031221e-07
5.45373676707734e-07
4.6839592029128e-07
5.70181335897606e-07
5.06677033314285e-07
6.0225525364341e-07
5.67863560906869e-07
5.07354324406128e-07
5.31925002839353e-07
5.3393328332785e-07
4.87873307551925e-07
5.02728337893831e-07
6.81915028497025e-07
5.71353088123233e-07
4.71675853766589e-07
5.70284810529623e-07
6.4602737247533e-07
5.38555768999452e-07
6.84336524895306e-07
7.20367992823921e-07
6.79076205315028e-07
6.06060863111279e-07
6.57631650359137e-07
6.56252115263224e-07
6.77920247224842e-07
7.16844498404351e-07
6.69436894173516e-07
6.40532682925221e-07
6.5861491602076e-07
6.63299668846111e-07
6.3715073369178e-07
6.18548283287168e-07
7.25659469674866e-07
7.47555678271192e-07
8.74685804838249e-07
8.5147467614494e-07
