5.909619e-08
9.7851147e-08
1.1975765e-07
1.3239862e-07
1.4672126e-07
1.5796316e-07
1.6840869e-07
1.7744425e-07
1.881891e-07
1.9396785e-07
1.9908013e-07
2.2220894e-07
2.3838271e-07
2.593612e-07
2.8145618e-07
2.9530879e-07
3.1293281e-07
3.2525678e-07
3.3846199e-07
3.6489467e-07
3.7119564e-07
3.8078635e-07
4.050434e-07
4.0986005e-07
4.1884258e-07
4.2577619e-07
4.4475782e-07
4.5078921e-07
4.6118452e-07
4.7089593e-07
4.721437e-07
4.8385011e-07
5.074487e-07
5.011443e-07
5.1978606e-07
5.4343521e-07
5.5666062e-07
5.6424737e-07
5.722798e-07
5.6143104e-07
5.9955685e-07
5.8898912e-07
6.1641472e-07
6.3234076e-07
6.0866774e-07
6.1986527e-07
6.274153e-07
6.3815229e-07
6.470605e-07
6.5702467e-07
6.5642725e-07
6.6409765e-07
6.6721338e-07
6.7111561e-07
6.6706483e-07
6.9484345e-07
6.9158866e-07
7.0774102e-07
7.2180522e-07
7.3456316e-07
7.4102835e-07
7.4764955e-07
7.716621e-07
7.6095235e-07
7.521739e-07
7.6595724e-07
7.7576646e-07
7.7185455e-07
7.7443882e-07
7.9454564e-07
8.0867227e-07
8.0867767e-07
8.245863e-07
8.3307342e-07
8.37975e-07
8.5079225e-07
8.4085978e-07
8.5412256e-07
8.4407873e-07
8.5357249e-07
8.5916827e-07
8.622144e-07
8.7578392e-07
8.8072223e-07
8.9418147e-07
8.9546635e-07
8.8524517e-07
9.1389481e-07
9.1086008e-07
9.1199352e-07
9.0129146e-07
9.0690657e-07
9.1529296e-07
9.258192e-07
9.2876014e-07
9.3246933e-07
9.3504695e-07
9.3796499e-07
9.3559493e-07
9.4923362e-07
9.5518522e-07
9.6836189e-07
9.6942422e-07
9.6885478e-07
9.8777902e-07
9.9027302e-07
9.6045615e-07
9.9893877e-07
1.0173477e-06
1.0275996e-06
1.012966e-06
1.0236183e-06
1.0099239e-06
1.0073123e-06
1.0280054e-06
1.0319449e-06
1.0385382e-06
1.0408478e-06
1.0585416e-06
1.0448334e-06
1.05378e-06
1.0650616e-06
1.0774912e-06
1.0722117e-06
1.0502437e-06
1.081142e-06
1.0898528e-06
1.0954674e-06
1.0976283e-06
1.087966e-06
1.1041102e-06
1.0862406e-06
1.0931394e-06
1.1031309e-06
1.1127802e-06
1.1214637e-06
1.1072737e-06
1.1061812e-06
1.1233214e-06
1.1285223e-06
1.1568423e-06
1.1377602e-06
1.130099e-06
1.1476176e-06
1.1581196e-06
1.1542371e-06
1.1793297e-06
1.1605692e-06
1.1804283e-06
1.194345e-06
1.1789431e-06
1.1952789e-06
