1.19209300208922e-07
1.68587415361188e-07
2.06476578279435e-07
2.38418621734127e-07
2.66560128192594e-07
2.9200199591628e-07
3.15398208661222e-07
3.3717487335494e-07
3.57627964575613e-07
3.76972979720946e-07
3.95372602213229e-07
4.46040468116138e-07
4.915126734506e-07
5.46285816804826e-07
5.84004119730253e-07
6.194299264628e-07
6.63729564420734e-07
6.95103995251856e-07
7.25122194067396e-07
7.63312328233567e-07
7.9074543890556e-07
8.17258215324301e-07
8.51325152817495e-07
8.76006371441918e-07
9.00011006832457e-07
9.31054965125355e-07
9.53674998527276e-07
9.75770802824627e-07
1.00447608475385e-06
1.02547787217411e-06
1.04605809103653e-06
1.07288446926646e-06
1.09257208102953e-06
1.1119111575919e-06
1.13718511474126e-06
1.15577794534971e-06
1.17407637523215e-06
1.19803960929588e-06
1.21570209565824e-06
1.2331116199249e-06
1.25594898192638e-06
1.27280812800556e-06
1.28944686506038e-06
1.31130347469366e-06
1.32745978986826e-06
1.3434218197883e-06
1.36441407860843e-06
1.37994872129177e-06
1.39531042098184e-06
1.41553338695033e-06
1.43051300938168e-06
1.45024517683723e-06
1.46486988406025e-06
1.47935002026145e-06
1.49843921848358e-06
1.51259802994019e-06
1.5266255304347e-06
1.5451307793235e-06
1.55886556130191e-06
1.57248038235025e-06
1.59045219172427e-06
1.60379889369011e-06
1.61703543866132e-06
1.63451743229182e-06
1.64750719511275e-06
1.66039533877615e-06
1.67742550161165e-06
1.69008551242911e-06
