5.96046501044611e-08
8.42937075695716e-08
1.03238289028695e-07
1.19209310867063e-07
1.33280064096297e-07
1.4600099795814e-07
1.57699104441633e-07
1.6858743667747e-07
1.78813982287807e-07
1.88486489971496e-07
1.97686301106614e-07
2.23020234058069e-07
2.45756336836322e-07
2.73142908291391e-07
2.92002059865126e-07
3.097149632314e-07
3.31864782321389e-07
3.47551997625928e-07
3.6256109714472e-07
3.81656164227806e-07
3.9537271945278e-07
4.08629107662151e-07
4.2566257651977e-07
4.38003185720959e-07
4.50005503305206e-07
4.65527482562678e-07
4.76837499263638e-07
4.87885401412314e-07
5.02238042487946e-07
5.12738936198076e-07
5.23029045629286e-07
5.36442234633228e-07
5.46286040625787e-07
5.5595557868493e-07
5.68592557259606e-07
5.77888972674856e-07
5.87038187616074e-07
5.99019804647938e-07
6.07851047940144e-07
6.16555809962449e-07
6.27974490852168e-07
6.3640406389176e-07
6.4472343241917e-07
6.5565173734683e-07
6.63729894823106e-07
6.7171090978313e-07
6.82207039304217e-07
6.89974360756906e-07
6.97655210490922e-07
7.07766693475165e-07
7.15256504690842e-07
7.25122588418614e-07
7.32434942030125e-07
7.39675010130725e-07
7.49219609241791e-07
7.56299014970097e-07
7.6331276521735e-07
7.7256538966175e-07
7.79432780761979e-07
7.86240191175125e-07
7.95226095862134e-07
8.01899446845056e-07
8.08517719441681e-07
8.1725871625693e-07
8.23753597556376e-07
8.301976694991e-07
8.38712750805826e-07
8.45042756214553e-07
8.51325696382688e-07
8.59631520411241e-07
8.65808600813978e-07
8.71941922442332e-07
8.80053195428943e-07
8.86087924589773e-07
8.92081831294078e-07
9.00011614346496e-07
9.05913400961467e-07
9.11776987466695e-07
9.19536942145527e-07
9.25314202593341e-07
9.31055615271958e-07
9.38656206095345e-07
9.44316503881382e-07
9.49943075090331e-07
9.57393733846956e-07
9.62943897064861e-07
9.68462253281288e-07
9.75771516920076e-07
9.81217733730944e-07
9.86633888144794e-07
9.93809512683796e-07
9.99157413028584e-07
1.00447684148186e-06
1.01152589904174e-06
1.01678062236488e-06
1.02374496524504e-06
1.02893728892717e-06
1.03410354168609e-06
1.04095199504606e-06
1.04605891171339e-06
1.05114101733861e-06
1.05787918047717e-06
1.0629047710875e-06
1.06790671150492e-06
1.07453974695915e-06
1.07948777694489e-06
1.08441322987929e-06
1.09094590960979e-06
1.0958198624067e-06
1.10067223313415e-06
1.10710897849309e-06
1.11191208485018e-06
1.11669453239926e-06
1.12303944943548e-06
1.12777471161785e-06
1.13249017452688e-06
1.13874708462802e-06
1.14341729839929e-06
1.14806851470028e-06
1.15424098123817e-06
1.15884875606653e-06
1.16343828193699e-06
1.16952963424843e-06
1.17407740907183e-06
1.17860763615418e-06
1.18462099019112e-06
1.18911104962649e-06
1.19358421835081e-06
1.19952249577615e-06
1.20395698277598e-06
1.20837519634875e-06
1.2142411405236e-06
1.2186220688104e-06
1.2229873043168e-06
1.22878349584354e-06
1.23311276034599e-06
1.23886157954445e-06
1.24315574812073e-06
1.24743513452152e-06
1.2531182502773e-06
1.25736373046692e-06
1.26159492386257e-06
1.26721453885814e-06
1.27141295003241e-06
1.27559754292683e-06
1.28115573927445e-06
1.28530861309706e-06
1.28944811206289e-06
1.29494686018639e-06
1.29905564705268e-06
1.30315147917059e-06
1.30587489688416e-06
