0.000000616303641
0.000000619315329
0.000000807679439
0.000000952255359
0.000001037189007
0.000001387424300
0.000001363203014
0.000001459205120
0.000002075458677
0.000002257804154
0.000002400755207
0.000002874891630
0.000003495399171
0.000003751705671
0.000005148891623
0.000005021098193
0.000005769225125
0.000007316363922
0.000007890426419
0.000009079254954
0.000010553742890
0.000011040182572
0.000015113237653
0.000015633052245
0.000017464703372
0.000019887886089
0.000025926916599
0.000028779634074
0.000034326869020
0.000035107134123
0.000041138447813
0.000041390678182
0.000054875003096
0.000063651439229
0.000072318222667
0.000092926473655
0.000081040511973
0.000109392057469
0.000155992473706
0.000152253615174
0.000173881133100
0.000210429101694
0.000237747380155
0.000275882966022
0.000284503664300
0.000352058272623
0.000417992728193
0.000484186815556
0.000559222417663
0.000676821657923
