0.000000596046981
0.000000625139374
0.000000655651737
0.000000687395006
0.000000720206441
0.000000753946599
0.000000790745908
0.000000828055218
0.000000867857858
0.000000909826657
0.000000953675681
0.000000999157413
0.000001047755686
0.000001097439703
0.000001151158885
0.000001205431520
0.000001264407853
0.000001324782070
0.000001388931808
0.000001455137999
0.000001525463244
0.000001599364287
0.000001676368293
0.000001757078388
0.000001841007216
0.000001929576505
0.000002022176612
0.000002119955515
0.000002221430212
0.000002328406954
0.000002440890097
0.000002558153400
0.000002681557445
0.000002810293418
0.000002945471688
0.000003087396814
0.000003235730033
0.000003391202025
0.000003554375410
0.000003725668730
0.000003904923269
0.000004092829177
0.000004289491918
0.000004496133172
0.000004712571185
0.000004938956726
0.000005176730190
0.000005425704074
0.000005686906397
0.000005960517768
