0.000000128135152
0.000000184392716
0.000000121653379
0.000000101616518
0.000000160702227
0.000000141535565
0.000000144315510
0.000000134724335
0.000000136371567
0.000000136875742
0.000000122724071
0.000000140792919
0.000000125192858
0.000000148005925
0.000000186091549
0.000000144029536
0.000000134341961
0.000000252073104
0.000000165683484
0.000000215494245
0.000000214961776
0.000000158969146
0.000000188054112
0.000000167050004
0.000000233285331
0.000000205827469
0.000000146966739
0.000000162869926
0.000000161451626
0.000000251187985
0.000000270430944
0.000000192950498
0.000000183110889
0.000000204702404
0.000000230987027
0.000000180905429
0.000000234339744
0.000000194174959
0.000000205957603
0.000000248442536
0.000000174359528
0.000000205014782
0.000000211185021
0.000000207565508
0.000000208068153
0.000000244638212
0.000000202169517
0.000000257548902
0.000000205458091
0.000000210398797
