0.000000396327469
0.000000401057803
0.000000474962903
0.000000439708351
0.000000510652305
0.000000580748023
0.000000623802688
0.000000609556724
0.000000607243806
0.000000653436734
0.000000658621141
0.000000759152801
0.000000792425223
0.000000886380176
0.000000926304599
0.000000924163889
0.000000928004008
0.000001008671334
0.000001151399311
0.000001270582203
0.000001276633067
0.000001287490554
0.000001445173080
0.000001388603554
0.000001393655731
0.000001475646035
0.000001878960155
0.000001917114364
0.000001937292062
0.000002136115597
0.000002141245034
0.000002114290522
0.000002187311281
0.000002406960112
0.000002783720495
0.000003120497256
0.000003034903645
0.000003169965641
0.000003156678275
0.000003099054282
0.000003559385015
0.000004073711612
0.000004388135167
0.000004677832114
0.000004597881384
0.000004802063131
0.000004776239418
0.000004620378165
0.000005748446651
0.000006150009222
