0.000000558116254
0.000000480587942
0.000000575013959
0.000000506148232
0.000000571657461
0.000000695898685
0.000000794239954
0.000000731869318
0.000000700078799
0.000000837837049
0.000000925743369
0.000000931794887
0.000000896226732
0.000001005241381
0.000001126753348
0.000001075351131
0.000001071559440
0.000001211893926
0.000001358484792
0.000001468490142
0.000001440293967
0.000001403599818
0.000001881052723
0.000001497931910
0.000001722271500
0.000001757335857
0.000002129958121
0.000002097744215
0.000002073817236
0.000002397631480
0.000002435481351
0.000002357622619
0.000002793043796
0.000002628791775
0.000003004685548
0.000003474588364
0.000003592431802
0.000003418766492
0.000003465546104
0.000003390553240
0.000004201455141
0.000005031063117
0.000005069375324
0.000005560755763
0.000005092879085
0.000005552150633
0.000005658579249
0.000004894949335
0.000006183281669
0.000006603681714
