2.05065295846101e-08
2.25365257867287e-08
3.12970107430777e-08
2.38432293907339e-08
2.77249221090453e-08
3.55718016915904e-08
5.06239500766765e-08
4.81467147234428e-08
5.67635809992843e-08
6.96594629681507e-08
7.22516869893899e-08
9.53634497426449e-08
1.08916575875586e-07
1.32395961039046e-07
1.40237209081843e-07
1.64432359020457e-07
1.99764199720731e-07
2.33267544394487e-07
2.50511751880318e-07
2.65781327487013e-07
2.82066687958351e-07
2.78415119953039e-07
3.07988284192302e-07
3.06857086114395e-07
3.52096971437637e-07
3.75022967740589e-07
4.03327243479919e-07
4.33899148763375e-07
4.37141109470057e-07
4.68973660273583e-07
4.93844100344905e-07
5.43614343754678e-07
5.43366200656437e-07
5.62508562709634e-07
5.62652010282895e-07
5.86184504164859e-07
5.9470432594743e-07
6.49735142627157e-07
7.34806309193473e-07
7.34192209418719e-07
6.98552697984345e-07
7.12827389460045e-07
7.62007911984902e-07
7.80775145405621e-07
8.08841467561768e-07
8.06036249778674e-07
7.97159051850994e-07
8.99763567372762e-07
9.08183674672011e-07
8.82716185670675e-07
8.58562821787622e-07
9.93171943493052e-07
9.16243348822568e-07
1.12040800434819e-06
9.39144204851429e-07
1.00827453316543e-06
9.92064904361819e-07
1.00931274940349e-06
1.11678209102729e-06
1.08356582701917e-06
1.0887232090853e-06
1.1403278542137e-06
1.05002517605192e-06
1.16025893596082e-06
1.17314231534908e-06
1.21508156672686e-06
1.21255970634393e-06
1.25963760432058e-06
1.24230316583337e-06
1.32268319559491e-06
1.3967933890801e-06
1.32311938996656e-06
1.33328276627942e-06
1.33066737206549e-06
1.46486843501163e-06
1.53481439210307e-06
1.54502348101704e-06
1.50557638113001e-06
1.54967773308873e-06
1.40947808257545e-06
1.64947096016373e-06
1.5607092858072e-06
1.69105407120579e-06
1.62754109033766e-06
1.60770587358783e-06
1.67190912632354e-06
1.74339158304087e-06
1.7848934866254e-06
1.70165390529382e-06
1.69283054640982e-06
1.68168869982501e-06
1.58155779540563e-06
1.78027409297481e-06
1.63875188450758e-06
1.86560265496394e-06
2.09379315950186e-06
1.88373283138226e-06
1.86783282140469e-06
1.87424652549206e-06
2.04424998296394e-06
1.97011175757169e-06
2.20376519219111e-06
1.94791326885252e-06
2.0775132762818e-06
2.15183508252456e-06
1.9043024427666e-06
2.0096153534541e-06
2.08244675911996e-06
2.21696752169871e-06
2.08514822307524e-06
2.25461589824512e-06
2.31216908793235e-06
2.10492173162837e-06
2.23118335665283e-06
2.48569921446706e-06
2.38951360257845e-06
2.55161418285054e-06
2.36255333502266e-06
2.42266205705591e-06
2.40354612518818e-06
2.36595443340449e-06
2.84251470290762e-06
2.58672155006606e-06
2.44721572190143e-06
2.60909821617473e-06
2.59247165070745e-06
2.52533047778494e-06
2.6710926322418e-06
2.48889446888307e-06
2.69963664185108e-06
2.54201997628354e-06
2.6791125663672e-06
2.53479695042109e-06
2.6644362218712e-06
2.61245936107409e-06
2.52235754614999e-06
2.64102848740042e-06
2.62539590043993e-06
2.93391027016914e-06
2.84734958316022e-06
2.94837823547771e-06
2.68399579365621e-06
2.71739412347861e-06
3.03465959825421e-06
3.16951273746835e-06
2.90935867079101e-06
2.93178823472919e-06
2.70678351499257e-06
3.076840510132e-06
3.18251775482221e-06
2.96171660816414e-06
3.09353860286129e-06
