1.1405015e-07
1.1436976e-07
1.2708528e-07
1.3936478e-07
1.3240288e-07
1.2061647e-07
1.32772e-07
1.5364081e-07
1.9554902e-07
1.6603478e-07
2.0901271e-07
2.150295e-07
2.9886352e-07
3.3579902e-07
3.6137126e-07
3.910013e-07
4.8608517e-07
5.2492385e-07
5.9785115e-07
6.5200528e-07
6.5023913e-07
6.5578954e-07
7.5420982e-07
7.6134602e-07
7.8654338e-07
8.6767582e-07
8.2470414e-07
1.001219e-06
1.0340003e-06
1.0654402e-06
1.099605e-06
1.1650365e-06
1.212972e-06
1.2932139e-06
1.2568167e-06
1.3305463e-06
1.2830141e-06
1.4955435e-06
1.4371934e-06
1.5546908e-06
1.5156699e-06
1.5607917e-06
1.6040529e-06
1.780725e-06
1.8768848e-06
1.855396e-06
1.9046755e-06
1.8304907e-06
1.8839411e-06
2.1108802e-06
1.9565063e-06
2.0045707e-06
2.0219378e-06
2.2183997e-06
2.2938116e-06
2.1314321e-06
2.1246185e-06
2.2820612e-06
2.5487942e-06
2.3113692e-06
2.5109868e-06
2.438803e-06
2.5502585e-06
2.784107e-06
2.787897e-06
2.7920931e-06
2.8625601e-06
2.865728e-06
2.7733426e-06
2.9552469e-06
2.9461759e-06
3.1121049e-06
2.9414565e-06
3.1378514e-06
3.345517e-06
3.2552752e-06
3.3728062e-06
3.3296551e-06
3.3437982e-06
3.2229234e-06
3.4211388e-06
3.3695143e-06
3.4219937e-06
3.5528182e-06
3.4914958e-06
3.6257118e-06
3.8923767e-06
3.8561016e-06
3.8408072e-06
3.7711125e-06
4.0481723e-06
4.0325007e-06
4.1194147e-06
3.6074072e-06
4.0016549e-06
4.0054732e-06
4.2171315e-06
4.2760334e-06
4.2230433e-06
4.5530512e-06
4.2640975e-06
4.2877604e-06
4.3064764e-06
4.2309549e-06
4.6697982e-06
4.6924498e-06
4.798567e-06
4.7195287e-06
4.7660822e-06
4.8954162e-06
4.7578259e-06
5.0712554e-06
4.8516984e-06
5.1191686e-06
4.9953086e-06
5.3071011e-06
5.0859593e-06
5.2437269e-06
5.1730786e-06
5.2124576e-06
5.2685497e-06
5.5854101e-06
5.4365862e-06
5.4193665e-06
5.8311584e-06
5.7556501e-06
5.7084467e-06
5.8410876e-06
5.0928382e-06
5.8042218e-06
5.6948931e-06
5.953225e-06
5.6693047e-06
5.92613e-06
5.6308342e-06
6.1478318e-06
6.0992811e-06
6.3309436e-06
6.1565493e-06
5.8776303e-06
6.5337025e-06
5.8887464e-06
6.2048919e-06
6.5923653e-06
6.5580712e-06
6.1470333e-06
6.4376575e-06
6.4529769e-06
6.8111264e-06
6.4986498e-06
6.7431154e-06
6.8541114e-06
