4.8349420247481e-08
5.77351460027758e-08
1.01982369748901e-07
5.74743945718506e-08
7.2820742998893e-08
1.05622401661476e-07
1.44882014949661e-07
1.71556819896776e-07
1.6050912428314e-07
1.86747888719931e-07
2.02937978371054e-07
2.59290912377517e-07
3.04039047844089e-07
3.06793904308969e-07
4.11992416534761e-07
4.43301415308081e-07
4.71213749066473e-07
4.82644069238766e-07
5.71255828032707e-07
6.33781841552645e-07
6.51854071965804e-07
6.34178229465074e-07
7.20254695533661e-07
7.42668465330752e-07
7.69586234927124e-07
8.80428356129136e-07
9.20373111104437e-07
9.78442089885415e-07
1.03222783749547e-06
1.04537078955161e-06
1.11083818372567e-06
1.17142291516006e-06
1.17355164954134e-06
1.29098633767739e-06
1.28973428607531e-06
1.38405938027737e-06
1.38048664352432e-06
1.51568986383251e-06
1.45068563555447e-06
1.52001751356582e-06
1.5230524783343e-06
1.5652111887684e-06
1.57680708207561e-06
1.77385938923034e-06
1.8471362642776e-06
1.8594263140825e-06
1.89719652962429e-06
2.01765506905555e-06
1.84259987236628e-06
2.04995649055621e-06
2.11446532174811e-06
2.01283213596179e-06
2.0810353958007e-06
2.21511263460265e-06
2.237815310074e-06
2.40114622378305e-06
2.12944408611764e-06
2.43179925337985e-06
2.50146950646014e-06
2.37237473333742e-06
2.58662499882561e-06
2.69651502339836e-06
2.57179661414806e-06
2.74745826430393e-06
2.80680663636715e-06
2.79951461645484e-06
2.91391443509316e-06
2.97896244255272e-06
2.76499788372363e-06
3.02255433598497e-06
3.18748035323162e-06
3.16228037988994e-06
3.09683783599444e-06
3.25445050210225e-06
3.30447106840653e-06
3.30385544623842e-06
3.34780940634875e-06
3.26256846352198e-06
3.35580543149479e-06
3.26658959864508e-06
3.60065494865433e-06
3.61819246766653e-06
3.43944892275027e-06
3.51397463686956e-06
3.46557273130922e-06
3.61285458481206e-06
3.8497639957398e-06
3.84696683227216e-06
3.87933680418413e-06
3.78295467836273e-06
4.12226559315464e-06
4.04647897394689e-06
4.10846518884762e-06
3.53976617702208e-06
4.09448014889196e-06
4.32293749474674e-06
4.1955044254354e-06
4.45491691014607e-06
4.32568330325113e-06
4.54115862109075e-06
4.63072069781226e-06
4.270747559407e-06
4.29233037750307e-06
4.40943443143823e-06
4.67602421191894e-06
4.75452417544114e-06
4.81595639551644e-06
4.63780636942443e-06
4.96097367601598e-06
4.90041081863424e-06
4.74764102271076e-06
5.13115587670268e-06
4.83552235082489e-06
5.09486373475128e-06
4.98407911018391e-06
5.32628896536478e-06
5.05189111528905e-06
5.29160632566141e-06
5.16975286884596e-06
5.19046653510877e-06
5.29886338541296e-06
5.65237725561205e-06
5.46193802465778e-06
5.46707510200656e-06
5.76625882568117e-06
5.77446885237045e-06
5.72011702073257e-06
5.80991931794537e-06
5.09090436022567e-06
5.85281779567422e-06
5.85353746410199e-06
6.15610380553314e-06
5.67935165945423e-06
5.92668351762046e-06
5.61833651498518e-06
6.25709666357954e-06
6.14861001877658e-06
6.32690453799555e-06
6.13758635366306e-06
5.83836450239651e-06
6.6628885615463e-06
5.90871006196039e-06
6.23808386208396e-06
6.66593594583002e-06
6.50747439842156e-06
6.17809170121816e-06
6.48774034989827e-06
6.83078291629875e-06
6.86395461458604e-06
6.53939812623274e-06
6.77375828697357e-06
7.10424057396006e-06
