0.000000415046156
0.000000363282560
0.000000439742602
0.000000596026658
0.000000535331333
0.000000514939142
0.000000593967177
0.000000637282099
0.000000780189178
0.000000633057759
0.000000686972689
0.000000984451549
0.000000872893699
0.000001007652906
0.000001241522789
0.000001087666553
0.000001082406765
0.000001055255503
0.000001819279397
0.000001446947712
0.000001465495037
0.000001378308063
0.000002005342798
0.000001891977721
0.000001961069587
0.000002163627324
0.000002684351994
0.000002639570422
0.000002820245734
0.000002487513882
0.000002561626582
0.000002667425679
0.000003984209184
0.000003773670097
0.000004791300052
0.000004059097084
0.000004326094146
0.000005277373386
0.000008789001608
0.000005777251678
0.000006172884583
0.000007216113891
0.000007351814621
0.000009939039144
0.000008786601233
0.000010196454355
0.000007868148478
0.000014388819545
0.000014425986434
0.000014270252162
