2.25969358858396e-08
3.02608113445643e-08
2.9964783145599e-08
3.38595899972545e-08
3.35890655029457e-08
3.39324148263644e-08
3.63538461193554e-08
3.83982462911564e-08
4.03237573314399e-08
4.25367848761452e-08
4.41936941876946e-08
4.76013986583775e-08
5.63931640224632e-08
5.05945269087967e-08
5.97727853072231e-08
6.28259732476283e-08
7.16248989892735e-08
7.31905201417926e-08
8.23887820911205e-08
7.98424775174123e-08
8.69481948823609e-08
8.20113978846627e-08
8.04413640671275e-08
8.2327355046689e-08
7.36876522438868e-08
8.68115637443784e-08
8.93022526793506e-08
9.18249898090996e-08
9.15394465684903e-08
1.02441129674339e-07
1.05256335549415e-07
9.3741629965656e-08
9.96490866912066e-08
1.14429927038567e-07
9.75663324264354e-08
1.27789846765408e-07
1.22841003396156e-07
1.20847968646731e-07
1.23101935938313e-07
1.24016247643796e-07
1.27007874962382e-07
1.18314395539322e-07
1.41141491171338e-07
1.14398679694484e-07
9.97742923744699e-08
1.28422431506914e-07
1.38876227302713e-07
1.20593829522639e-07
1.34936228393008e-07
1.3559021418689e-07
1.42559731452792e-07
1.55473880698511e-07
1.51902492906557e-07
1.56585442926753e-07
1.75760352400224e-07
1.55686539572591e-07
1.65861202694784e-07
1.68649451940613e-07
1.61298787405471e-07
1.59488005827289e-07
1.65883662652142e-07
1.52847247428282e-07
1.75156198152927e-07
1.7360658047042e-07
1.6207604379366e-07
1.60569687623668e-07
1.57947880636165e-07
1.65295360713369e-07
