5.90357353444519e-08
9.03564284354186e-08
8.38925850408586e-08
1.05075506230012e-07
1.11883303569378e-07
1.16440498921375e-07
1.10028426419867e-07
1.24870956258874e-07
1.32084016124588e-07
1.32648119428429e-07
1.4695282658685e-07
1.69938762928876e-07
1.90793995028804e-07
1.61302604714053e-07
2.08066200160465e-07
1.78555028524478e-07
1.9281493536411e-07
2.30048295868789e-07
2.53265312971796e-07
2.85444178810966e-07
3.05271940872456e-07
2.55183468314357e-07
2.55430348535448e-07
2.38481565035639e-07
3.8833967019166e-07
2.98687039376395e-07
3.46442422741458e-07
3.02231250513044e-07
4.27074411162651e-07
3.29846681897011e-07
3.09822456774741e-07
2.79710519235661e-07
3.27087594579147e-07
3.55419560624927e-07
3.70971384986209e-07
3.80638343485009e-07
3.76618155983108e-07
4.12406685253184e-07
3.59849058174278e-07
3.51501541028554e-07
3.91258020094947e-07
3.66119578330932e-07
4.08616301611291e-07
4.37907211581719e-07
3.69784145948131e-07
3.7697908133485e-07
4.37815575267118e-07
3.34880722958901e-07
3.70120015724602e-07
5.11939602613978e-07
5.41771966377054e-07
4.92937693829289e-07
6.21967734234478e-07
5.65829757985727e-07
6.57115109952307e-07
4.58407350607468e-07
5.42934848456126e-07
7.42626476964875e-07
4.49514560651917e-07
5.35852233804928e-07
7.12236380223633e-07
4.69122903861465e-07
6.62809555157759e-07
7.30558721255029e-07
5.70860553549424e-07
5.51578460730338e-07
6.52472495612763e-07
5.5801065488775e-07
