5.910328e-08
9.7242499e-08
1.1629205e-07
1.276707e-07
1.419855e-07
1.5289693e-07
1.5832684e-07
1.7247884e-07
1.7496129e-07
1.8505865e-07
1.9189941e-07
2.1481199e-07
2.3136229e-07
2.5717111e-07
2.7122676e-07
2.904554e-07
3.0455858e-07
3.2262146e-07
3.4012202e-07
3.5983937e-07
3.7867568e-07
3.8308274e-07
3.9511631e-07
4.0390055e-07
4.1700338e-07
4.2710808e-07
4.3557408e-07
4.4973361e-07
4.6727222e-07
4.8263232e-07
4.8663583e-07
4.9674563e-07
5.0548766e-07
5.0847357e-07
5.3073973e-07
5.3827696e-07
5.4018892e-07
5.5642022e-07
5.6100276e-07
5.7312627e-07
5.7884655e-07
5.9670932e-07
6.1708764e-07
6.2760252e-07
6.1209619e-07
6.1756928e-07
6.2470354e-07
6.2201474e-07
6.4814865e-07
6.3265261e-07
6.5066834e-07
6.6477221e-07
6.5375918e-07
6.6840894e-07
6.8680684e-07
6.8384557e-07
6.9879088e-07
7.1086106e-07
7.1310111e-07
7.1930219e-07
7.2840217e-07
7.3912727e-07
7.2913931e-07
7.5332504e-07
7.6523979e-07
7.6805445e-07
7.7968252e-07
7.9272337e-07
