2.38418611075986e-07
3.37174852038657e-07
4.12953188311249e-07
4.76837286100817e-07
5.33120309897939e-07
5.84004055781406e-07
6.30796492151475e-07
6.74349831975007e-07
7.15256025074495e-07
7.53946066245348e-07
7.90745321666009e-07
8.92081085224206e-07
9.83025528311643e-07
1.09257185720857e-06
1.16800849547793e-06
1.23886014069541e-06
1.32745945946589e-06
1.39020835265846e-06
1.45024478248601e-06
1.52662509345092e-06
1.58149134676933e-06
1.63451693135919e-06
1.70265084942223e-06
1.7520133186455e-06
1.80002262095691e-06
1.86211058061936e-06
1.90735067917558e-06
1.95154231952266e-06
2.00895292645775e-06
2.0509565332727e-06
2.09211700297196e-06
2.14576980184233e-06
2.18514505756495e-06
2.22382324244208e-06
2.2743711991513e-06
2.31155689278673e-06
2.34815378430397e-06
2.396080295064e-06
2.43140529976316e-06
2.46622438027089e-06
2.51189914690642e-06
2.54561747081716e-06
2.57889497690122e-06
2.62260823902238e-06
2.65492090112396e-06
2.68684499293848e-06
2.7288295532113e-06
2.75989887077444e-06
2.79062230212901e-06
2.8310682764765e-06
2.86102755353568e-06
2.90049193130137e-06
2.92974137727775e-06
2.95870168187662e-06
2.99688012117549e-06
3.02519777584109e-06
3.05325280880453e-06
3.09026334943674e-06
3.11773294536799e-06
3.14496261921704e-06
3.18090628037559e-06
3.20759971650375e-06
3.23407283842059e-06
3.26903686853619e-06
3.29501642615249e-06
3.32079274523167e-06
3.35485311353523e-06
3.38017316692252e-06
