0.000000014184201
0.000000017617109
0.000000016792761
0.000000017703493
0.000000019893184
0.000000016268042
0.000000016664014
0.000000017142482
0.000000015761935
0.000000017817256
0.000000016635813
0.000000016286517
0.000000018522868
0.000000016877106
0.000000018333860
0.000000020563127
0.000000014169806
0.000000016902806
0.000000012994980
0.000000018931540
0.000000014321303
0.000000015506960
0.000000017429219
0.000000016865460
0.000000017053934
0.000000014870665
0.000000013636899
0.000000015238235
0.000000016717774
0.000000016630557
0.000000015819564
0.000000016855552
0.000000016492044
0.000000016625428
0.000000017145522
0.000000016705712
0.000000018093440
0.000000016543556
0.000000017988874
0.000000014431110
0.000000018223157
0.000000016289749
0.000000017899408
0.000000016341232
0.000000017517905
0.000000018699768
0.000000016654724
0.000000013348232
0.000000016354971
0.000000015059470
