0.000000075111736
0.000000103842764
0.000000084188976
0.000000135391608
0.000000157809297
0.000000075126755
0.000000079340822
0.000000146251868
0.000000070018904
0.000000122499645
0.000000072990719
0.000000080256459
0.000000082737078
0.000000121088581
0.000000134856191
0.000000081800453
0.000000063228446
0.000000094286252
0.000000043579883
0.000000099475089
0.000000051805590
0.000000114894728
0.000000099275191
0.000000081578534
0.000000077294096
0.000000144735977
0.000000084966035
0.000000084753150
0.000000090727875
0.000000118699460
0.000000147008351
0.000000080736163
0.000000089997954
0.000000135843668
0.000000084219586
0.000000069252894
0.000000089558686
0.000000078117650
0.000000102864963
0.000000064732370
0.000000090160621
0.000000065112861
0.000000096893031
0.000000074373926
0.000000098479616
0.000000085443297
0.000000098700747
0.000000074630830
0.000000103862316
0.000000078744228
