0.000001436769167
0.000001634046474
0.000001914883111
0.000002185794188
0.000002394407241
0.000002916206802
0.000003321521831
0.000003913550009
0.000004520755014
0.000004913175757
0.000005956208720
0.000006978778880
0.000007981513923
0.000008773048259
0.000010680313504
0.000011886948291
0.000013281217701
0.000014472396015
0.000018586755279
0.000020376142792
0.000023579799133
0.000024535665045
0.000032409541701
0.000034004922324
0.000041297467933
0.000050452806471
0.000055337812772
0.000061179773498
0.000075529982718
0.000086478440336
0.000090228803164
0.000112298674692
0.000127217440526
0.000150632051737
0.000162883866957
0.000193594911883
0.000198874470029
0.000266654435803
0.000313668644229
0.000351025986679
0.000407673863136
0.000457815279362
0.000523598131668
0.000637669481510
0.000705629475308
0.000787743324434
0.000873921468669
0.001105783653464
0.001272531029846
0.001386409739801
