0.000005960500005
0.000006854581134
0.000007927480600
0.000009119593817
0.000010490527530
0.000012040283211
0.000013888075109
0.000015974299974
0.000018418174458
0.000021219703806
0.000024378894029
0.000028074575849
0.000032366369661
0.000037254290815
0.000042917186044
0.000049414692210
0.000056866064681
0.000065509795860
0.000075405561211
0.000086791894972
0.000099966981687
0.000115109817806
0.000132518684210
0.000152611177243
0.000175685748214
0.000202279468431
0.000232929590697
0.000268173589993
0.000308787775748
0.000355608513902
0.000409413041469
0.000471456488073
0.000542875635440
0.000625106796284
0.000719826630818
0.000828893033785
0.000954524960807
0.001099184040380
0.001265814777101
0.001457726904675
0.001678776970557
0.001933431317741
0.002226770227372
0.002564732776047
0.002954184229497
0.003402985720905
0.003920186949230
0.004516343612374
0.005203660914546
0.005996204642310
