0.000005960500005
0.000006556553913
0.000007212214033
0.000007927480600
0.000008702353868
0.000009536834114
0.000010490527530
0.000011503828778
0.000012636344368
0.000013888075109
0.000015259021897
0.000016749185712
0.000018418174458
0.000020206382869
0.000022233026798
0.000024378894029
0.000026822809593
0.000029445561535
0.000032366369661
0.000035525630312
0.000039042566590
0.000042917186044
0.000047149496988
0.000051799119320
0.000056866064681
0.000062469569928
0.000068609653098
0.000075405561211
0.000082797706486
0.000090964961799
0.000099966981687
0.000109803811229
0.000120654356743
0.000132518684210
0.000145575731751
0.000159944840193
0.000175685748214
0.000192977468256
0.000211999050893
0.000232929590697
0.000255888597599
0.000281114903496
0.000308787775748
0.000339265490809
0.000372727508524
0.000409413041469
0.000449800064676
0.000494128128628
0.000542875635440
0.000596401931006
