0.000000093620429
0.000000107212990
0.000000101339005
0.000000089818117
0.000000098085756
0.000000097001290
0.000000108605589
0.000000106703089
0.000000101678292
0.000000111057043
0.000000103560835
0.000000104686278
0.000000114452090
0.000000120926642
0.000000125521887
0.000000116812632
0.000000113210004
0.000000127670911
0.000000122813199
0.000000151852656
0.000000136281949
0.000000131802079
0.000000132577581
0.000000133347313
0.000000142883696
0.000000155932759
0.000000131209912
0.000000130902027
0.000000129969893
0.000000155682568
0.000000173941031
0.000000146244434
0.000000156620624
0.000000145781580
0.000000175001242
0.000000161056743
0.000000168725418
0.000000161058971
0.000000167494364
0.000000158197050
0.000000158404910
0.000000160951831
0.000000168816716
0.000000172230566
0.000000172778305
0.000000194926712
0.000000173762488
0.000000193208645
0.000000182924397
0.000000181381350
