2.2042732264967e-08
3.06549335353924e-08
3.18441162861972e-08
3.3628551248869e-08
3.32263056534157e-08
3.76082163313295e-08
4.04221852352924e-08
3.98376614742284e-08
4.37398460767466e-08
4.72537971056309e-08
4.30910958013865e-08
4.94133738747443e-08
4.95785220900057e-08
5.47455954731766e-08
5.67869446186485e-08
6.11349498920575e-08
6.61354740367586e-08
6.74420299214175e-08
7.19228256371337e-08
7.25695196512225e-08
8.98898634225974e-08
7.66839083913739e-08
9.00449368439981e-08
9.74764599489607e-08
8.25618921657597e-08
9.39606250542638e-08
8.80037734815718e-08
9.31073895047107e-08
1.131044770725e-07
1.05560860948338e-07
9.72791173036037e-08
1.16453056598988e-07
1.02381287327439e-07
1.20109199354729e-07
1.1784428039433e-07
1.13025381463608e-07
1.10441220938759e-07
1.15575810042326e-07
1.26691805307492e-07
1.33129522475546e-07
1.29164386097782e-07
1.23776415537242e-07
1.20381797655457e-07
1.19281145568602e-07
1.4298517584545e-07
1.28468806285901e-07
1.38802062135651e-07
1.29294430284784e-07
1.33375495964933e-07
1.267453355661e-07
1.2441130755428e-07
1.30810512883592e-07
1.46281484163955e-07
1.3581696383074e-07
1.42301787464598e-07
1.34555190121882e-07
1.41897685288e-07
1.52296782923163e-07
1.71643310313001e-07
1.59524786931564e-07
1.74173461307911e-07
1.52368211789812e-07
1.66369179495722e-07
1.6696099832223e-07
1.4875981794685e-07
1.74583742613312e-07
1.70636811477361e-07
1.55950030227431e-07
1.63109981862547e-07
1.79101993775948e-07
1.7523661226458e-07
1.71532753536483e-07
1.72043965230215e-07
1.58062951402033e-07
1.75867010091458e-07
1.72198591281596e-07
1.95777293751334e-07
1.69787392018077e-07
1.68450419642481e-07
2.24086500754476e-07
2.06876623542644e-07
1.84130222837921e-07
2.14023613849266e-07
1.86675578699454e-07
1.72150340205047e-07
1.90112757600458e-07
1.93701392420787e-07
1.66876569513484e-07
1.74426954540683e-07
1.9088542301263e-07
1.68136457307107e-07
1.74606984378923e-07
1.56569997503831e-07
1.68739029919152e-07
1.84170537430943e-07
1.64616370202446e-07
1.78832765641171e-07
1.99597918707225e-07
1.91294404211143e-07
1.73826544076858e-07
