5.69274070055521e-08
9.69684182828713e-08
1.15204125964338e-07
1.30221145372806e-07
1.27153420899991e-07
1.49392970740034e-07
1.72211706485868e-07
1.6239891670363e-07
1.77998584794007e-07
1.79377014656149e-07
1.68993427657109e-07
2.05719501494105e-07
2.13253420300087e-07
2.55583963368057e-07
2.42587194433623e-07
2.56554927795582e-07
2.88554154263557e-07
2.53072382047134e-07
3.24368897871014e-07
3.29608994348453e-07
3.7255251540652e-07
2.95496595007516e-07
3.49778789478634e-07
3.73562750979405e-07
4.0998542324699e-07
3.60820471440291e-07
4.02810270431211e-07
4.67633347898305e-07
3.66962098224806e-07
3.56246351473344e-07
4.02253281962602e-07
4.24442869478034e-07
5.12833209565834e-07
4.81771693379203e-07
6.15182321271454e-07
4.70238079982448e-07
4.79128744963905e-07
6.46311003211163e-07
5.39348343167451e-07
5.38078404924843e-07
5.24332061143839e-07
5.5760775939772e-07
5.30921846481452e-07
6.26292957070241e-07
5.48359347047936e-07
6.24736467390381e-07
6.52880235241671e-07
6.30879529134242e-07
6.50396343623057e-07
5.3974780673514e-07
5.76219335628722e-07
6.60563218519893e-07
5.72324467922297e-07
5.41674816255575e-07
6.27605276552912e-07
5.78579169906449e-07
5.74518396955703e-07
7.36652430270515e-07
6.82496198020164e-07
6.59698405051025e-07
7.95099644032377e-07
6.91110434399106e-07
6.73274139839227e-07
9.29556549693254e-07
6.83552765584953e-07
7.16266594459394e-07
8.10158719819875e-07
6.82432723430069e-07
