5.8991314e-08
1.0027666e-07
1.2245244e-07
1.3936064e-07
1.4832409e-07
1.5974408e-07
1.6993003e-07
1.7357391e-07
1.821345e-07
1.8896421e-07
1.9779374e-07
2.2205095e-07
2.4191033e-07
2.6144062e-07
2.876649e-07
2.9599015e-07
3.2325675e-07
3.3041588e-07
3.4574188e-07
3.5575501e-07
3.7645673e-07
3.9034199e-07
4.0752467e-07
4.240016e-07
4.2452813e-07
4.3272297e-07
4.4726231e-07
4.5023357e-07
4.6788803e-07
4.6907783e-07
4.8614562e-07
4.9329124e-07
5.1131451e-07
5.225421e-07
5.2558362e-07
5.3358267e-07
5.5576366e-07
5.4717285e-07
5.541438e-07
5.755604e-07
5.8103519e-07
5.9535568e-07
5.8580382e-07
6.1062682e-07
6.1624765e-07
6.1823819e-07
6.3357904e-07
6.4674591e-07
6.5311301e-07
6.6954794e-07
6.5647755e-07
6.7228223e-07
6.7299617e-07
6.8969318e-07
7.0389406e-07
7.1368773e-07
7.0685897e-07
7.0203173e-07
7.1490772e-07
7.2877861e-07
7.2193885e-07
7.28266e-07
7.3978135e-07
7.3249881e-07
7.5845341e-07
7.589422e-07
7.6825259e-07
7.9114282e-07
8.028818e-07
7.9113351e-07
7.9517732e-07
8.1400085e-07
8.3124271e-07
8.3738741e-07
8.4165186e-07
8.212324e-07
8.2192621e-07
8.4500469e-07
8.4666779e-07
8.5331682e-07
8.5809869e-07
8.7231661e-07
8.7136357e-07
8.7004219e-07
8.9219946e-07
8.7830837e-07
9.0512295e-07
9.0637036e-07
9.2953701e-07
9.2971306e-07
9.3098274e-07
9.4145551e-07
9.1574534e-07
9.3124879e-07
9.6595523e-07
9.4413868e-07
9.5100513e-07
9.6376911e-07
9.6538409e-07
9.5788349e-07
