1.78813953866097e-07
2.52881130036187e-07
3.09714877966272e-07
3.57627946812045e-07
3.99840210274505e-07
4.38003015190702e-07
4.73097337971851e-07
5.05762338454119e-07
5.36441978837843e-07
5.65459505219579e-07
5.93058942399693e-07
6.69060751690154e-07
7.37269070683055e-07
8.19428799703203e-07
8.76006264860507e-07
9.29144985617469e-07
9.95594456876248e-07
1.042656113448e-06
1.08768342266252e-06
1.14496863812263e-06
1.18611831467774e-06
1.22588748996399e-06
1.27698791052566e-06
1.31400974923146e-06
1.35001671264234e-06
1.39658266462561e-06
1.43051272516459e-06
1.46365644226876e-06
1.50671437948446e-06
1.538217071273e-06
1.56908741022477e-06
1.60932699166949e-06
1.63885842008327e-06
1.66786704536293e-06
1.70577799529781e-06
1.73366725197965e-06
1.76111490746145e-06
1.79705977276789e-06
1.82355351308061e-06
1.84966781002771e-06
1.88392386712977e-06
1.90921259690668e-06
1.93417071314705e-06
1.96695564191884e-06
1.99119012522786e-06
2.01513318076607e-06
2.04662158331814e-06
2.06992355811231e-06
2.09296611819454e-06
2.12330058135812e-06
2.1457700256633e-06
2.17536829105747e-06
2.19730536255014e-06
2.21902557751008e-06
2.24765938905414e-06
2.26889761689719e-06
2.28993887829709e-06
2.31769676606319e-06
2.33829894957793e-06
2.35872119169755e-06
2.38567891996944e-06
2.40569898357634e-06
2.42555381180232e-06
2.45177681645892e-06
2.47126147145948e-06
2.49059369750171e-06
2.51613895585479e-06
2.53512898251707e-06
