5.96046501044611e-08
8.42937075695716e-08
1.03238289028695e-07
1.19209310867063e-07
1.33280064096297e-07
1.4600099795814e-07
1.57699104441633e-07
1.6858743667747e-07
1.78813982287807e-07
1.88486489971496e-07
1.97686301106614e-07
2.23020234058069e-07
2.45756336836322e-07
2.73142908291391e-07
2.92002059865126e-07
3.097149632314e-07
3.31864782321389e-07
3.47551997625928e-07
3.6256109714472e-07
3.81656164227806e-07
3.9537271945278e-07
4.08629107662151e-07
4.2566257651977e-07
4.38003185720959e-07
4.50005503305206e-07
4.65527482562678e-07
4.76837499263638e-07
4.87885401412314e-07
5.02238042487946e-07
5.12738936198076e-07
5.23029045629286e-07
5.36442234633228e-07
5.46286040625787e-07
5.5595557868493e-07
5.68592557259606e-07
5.77888972674856e-07
5.87038187616074e-07
5.99019804647938e-07
6.07851047940144e-07
6.16555809962449e-07
6.27974490852168e-07
6.3640406389176e-07
6.4472343241917e-07
6.5565173734683e-07
6.63729894823106e-07
6.7171090978313e-07
6.82207039304217e-07
6.89974360756906e-07
6.97655210490922e-07
7.07766693475165e-07
7.15256504690842e-07
7.25122588418614e-07
7.32434942030125e-07
7.39675010130725e-07
7.49219609241791e-07
7.56299014970097e-07
7.6331276521735e-07
7.7256538966175e-07
7.79432780761979e-07
7.86240191175125e-07
7.95226095862134e-07
8.01899446845056e-07
8.08517719441681e-07
8.1725871625693e-07
8.23753597556376e-07
8.301976694991e-07
8.38712750805826e-07
8.45042756214553e-07
