2.98023271838588e-07
4.21468580924511e-07
5.16191509536412e-07
5.96046639600445e-07
6.66400427284941e-07
7.30005117688393e-07
7.88495670978051e-07
8.42937353917605e-07
8.94070103285571e-07
9.42432662798254e-07
9.88431740012174e-07
1.11510146849625e-06
1.22878204633636e-06
1.36571498954297e-06
1.46001081113845e-06
1.54857539169662e-06
1.6593245719676e-06
1.73776071266118e-06
1.81280627398195e-06
1.90828169466251e-06
1.97686453518031e-06
2.04314653995397e-06
2.12831396950719e-06
2.19001707990607e-06
2.2500287319982e-06
2.32763871332864e-06
2.38418886056024e-06
2.43942843503042e-06
2.51119172545167e-06
2.56369625817321e-06
2.61514686927811e-06
2.68221289978499e-06
2.73143199325254e-06
2.77977974838528e-06
2.84296472630174e-06
2.88944686732684e-06
2.93519300598177e-06
2.99510117640622e-06
3.03925745614997e-06
3.08278133043238e-06
3.13987482081224e-06
3.18202274995905e-06
3.2236196563229e-06
3.27826126600428e-06
3.31865211755655e-06
3.35855725652756e-06
3.41103798873199e-06
3.44987465972224e-06
3.48827897256321e-06
3.53883647274955e-06
3.57628559299883e-06
3.62561609712486e-06
3.66217792868717e-06
3.69837833336106e-06
3.74610141440357e-06
3.7814985067719e-06
3.81656732195701e-06
3.86283052966618e-06
3.89716754867209e-06
3.93120466490871e-06
3.97613427338683e-06
4.00950109247233e-06
4.04259251896022e-06
4.08629758830159e-06
4.1187720594138e-06
4.15099248241013e-06
4.19356797465298e-06
4.22521806542342e-06
4.25663283087907e-06
4.29816203584288e-06
4.32904750202745e-06
4.35971417367398e-06
4.4002706240942e-06
4.43044433406925e-06
4.46041393153962e-06
4.50006293162275e-06
4.52957192931258e-06
4.55888992512143e-06
4.59768978422481e-06
4.6265761497466e-06
4.65528327797671e-06
4.69328631735877e-06
4.72158787001575e-06
4.74972079023139e-06
4.78697416927965e-06
4.81472504887392e-06
4.842316894349e-06
4.87886329691989e-06
4.9060944455892e-06
4.9331752816073e-06
4.96905348890131e-06
4.99579305546227e-06
5.0223902616775e-06
5.05763563429795e-06
5.08390931508451e-06
5.11873111497252e-06
5.14469279644381e-06
5.17052412440933e-06
5.20476647647428e-06
5.23030112442591e-06
