0.000000596046981
0.000000639189218
0.000000687395006
0.000000737269554
0.000000790745908
0.000000847142247
0.000000909826657
0.000000975771517
0.000001047755686
0.000001124620086
0.000001205431520
0.000001293574365
0.000001388931808
0.000001490119450
0.000001599364287
0.000001716162814
0.000001841007216
0.000001975969503
0.000002119955515
0.000002274376049
0.000002440890097
0.000002619225844
0.000002810293418
0.000003015796628
0.000003235730033
0.000003471956663
0.000003725668730
0.000003997536463
0.000004289491918
0.000004603116007
0.000004938956726
0.000005299830273
0.000005686906397
0.000006102185980
0.000006547899731
0.000007026094014
0.000007539307113
0.000008089878058
0.000008680726898
0.000009314679017
0.000009994908631
0.000010724868579
0.000011508063571
0.000012348464157
0.000013250337005
0.000014218103882
0.000015256460403
0.000016370641611
0.000017566245936
0.000018849176576
